"dates.example" <-c("5/1/1997", "5/2/1997", "5/5/1997", "5/6/1997", "5/7/1997", "5/8/1997", 
	"5/9/1997", "5/12/1997", "5/13/1997", "5/14/1997", "5/15/1997")
